0
0
0
0
0
0
0
0
0
0
0
0
0
0
0
8
0
0
0
0
0
3
0
0
12
7
7
7
10
0
1
12
7
7
7
9
0
0
0
0
0
5
0
0
8
0
1
0
8
0
0
8
0
0
0
0
0
0
0
0
0
0
0
0
8
0
0
2
8
0
0
8
0
2
0
0
0
0
0
0
0
0
0
2
8
0
4
0
8
0
0
11
7
7
10
0
0
0
0
0
0
0
0
0
11
7
10
0
8
0
0
0
0
0
8
0
0
0
0
0
36
4
0
0
0
0
8
0
11
7
10
0
3
0
8
0
0
0
0
0
23
36
0
0
3
0
8
3
0
0
8
0
0
0
8
0
0
0
0
0
37
27
0
0
0
0
8
0
2
0
8
0
0
0
8
0
0
0
0
0
37
24
36
0
1
0
8
0
0
0
11
7
7
7
9
3
0
0
0
0
38
37
23
36
0
0
11
7
10
0
0
0
0
0
0
0
0
0
0
0
19
17
37
24
36
0
0
0
11
7
10
0
0
5
0
31
0
0
0
0
0
29
17
38
23
36
0
0
0
0
8
0
0
0
31
16
0
0
0
0
0
0
13
37
37
28
0
0
2
0
8
0
0
0
13
38
0
0
0
0
0
0
29
17
37
24
35
0
0
0
8
0
0
31
15
37
0
0
0
0
2
0
0
29
18
37
28
0
0
0
8
0
3
13
37
38
0
0
0
0
0
0
0
0
13
37
28
0
12
7
9
0
0
13
37
38
0
0
0
0
0
0
5
0
13
37
28
0
8
4
5
1
0
13
38
37
0
0
0
0
0
0
1
0
29
18
23
35
8
1
0
2
0
29
17
37
0
0
0
0
0
0
0
0
0
13
37
28
8
0
0
0
0
0
29
19
0
0
0
0
0
0
0
2
0
13
37
27
8
0
12
7
7
10
0
0
0
0
0
0
0
0
0
0
0
13
37
28
8
0
8
0
0
8
0
0
0
0
0
0
0
6
0
0
31
15
38
27
8
0
8
0
0
11
7
10
0
0
0
0
1
0
31
21
15
37
25
33
11
7
9
6
0
0
0
8
0
0
0
0
22
22
15
37
38
37
27
0
0
0
5
0
0
0
0
8
0
0
0
0
37
37
37
37
37
25
33
0
0
0
0
0
0
12
7
9
0
0
0
0
37
37
38
37
37
27
0
12
7
10
0
0
12
9
0
0
0
0
0
0
37
37
25
20
19
33
0
8
0
8
0
0
8
0
0
0
0
0
0
0
38
25
33
0
1
0
0
8
0
11
7
7
9
0
0
6
0
0
0
0
37
27
0
0
0
0
0
8
0
0
0
0
1
0
0
0
0
0
0
0
0
15
29
7
